sys_timestamp,vid_timestamp,event_name,key_number,pause_num,next_pause_vid_ts
1676507414905,8.958414,video_keydown, ,0,-1
1676507415418,9.472281,video_keydown, ,0,-1
1676507415449,9.502905,video_keydown, ,0,-1
1676507415480,9.533743,video_keydown, ,0,-1
1676507415510,9.563857,video_keydown, ,0,-1
1676507415541,9.594657,video_keydown, ,0,-1
1676507415572,9.625892,video_keydown, ,0,-1
1676507415602,9.656316,video_keydown, ,0,-1
1676507415649,9.702425,video_keydown, ,0,-1
1676507415679,9.733198,video_keydown, ,0,-1
1676507415710,9.763715,video_keydown, ,0,-1
1676507415741,9.794803,video_keydown, ,0,-1
1676507415772,9.825631,video_keydown, ,0,-1
1676507415802,9.856208,video_keydown, ,0,-1
1676507415833,9.88671,video_keydown, ,0,-1
1676507415879,9.933197,video_keydown, ,0,-1
1676507415910,9.96396,video_keydown, ,0,-1
1676507415941,9.994943,video_keydown, ,0,-1
1676507415973,10.026759,video_keydown, ,0,-1
1676507416003,10.056934,video_keydown, ,0,-1
1676507416033,10.087087,video_keydown, ,0,-1
1676507416064,10.117868,video_keydown, ,0,-1
1676507416112,10.165576,video_keydown, ,0,-1
1676507416142,10.195856,video_keydown, ,0,-1
1676507416172,10.226363,video_keydown, ,0,-1
1676507416203,10.257308,video_keydown, ,0,-1
1676507416235,10.28896,video_keydown, ,0,-1
1676507416264,10.318222,video_keydown, ,0,-1
1676507416295,10.348893,video_keydown, ,0,-1
1676507416341,10.395052,video_keydown, ,0,-1
1676507416372,10.425776,video_keydown, ,0,-1
1676507416403,10.456423,video_keydown, ,0,-1
1676507416433,10.487339,video_keydown, ,0,-1
1676507416464,10.518203,video_keydown, ,0,-1
1676507416495,10.549119,video_keydown, ,0,-1
1676507416541,10.595101,video_keydown, ,0,-1
1676507416572,10.625771,video_keydown, ,0,-1
1676507416603,10.656516,video_keydown, ,0,-1
1676507416633,10.686539,video_keydown, ,0,-1
1676507416664,10.717519,video_keydown, ,0,-1
1676507416695,10.74843,video_keydown, ,0,-1
1676507416726,10.779404,video_keydown, ,0,-1
1676507416772,10.82566,video_keydown, ,0,-1
1676507416802,10.856285,video_keydown, ,0,-1
1676507416833,10.887322,video_keydown, ,0,-1
1676507416864,10.918127,video_keydown, ,0,-1
1676507416895,10.94909,video_keydown, ,0,-1
1676507416926,10.979654,video_keydown, ,0,-1
1676507416956,11.010027,video_keydown, ,0,-1
1676507417002,11.056299,video_keydown, ,0,-1
1676507417033,11.087068,video_keydown, ,0,-1
1676507417064,11.117926,video_keydown, ,0,-1
1676507417095,11.149013,video_keydown, ,0,-1
1676507417126,11.179557,video_keydown, ,0,-1
1676507417156,11.210134,video_keydown, ,0,-1
1676507417187,11.240418,video_keydown, ,0,-1
1676507417232,11.285968,video_keydown, ,0,-1
1676507417263,11.316957,video_keydown, ,0,-1
1676507417294,11.347445,video_keydown, ,0,-1
1676507417324,11.377943,video_keydown, ,0,-1
1676507417355,11.409023,video_keydown, ,0,-1
1676507417387,11.441185,video_keydown, ,0,-1
1676507417432,11.486208,video_keydown, ,0,-1
1676507417463,11.516865,video_keydown, ,0,-1
1676507417493,11.547219,video_keydown, ,0,-1
1676507417524,11.577911,video_keydown, ,0,-1
1676507417555,11.608781,video_keydown, ,0,-1
1676507417585,11.63929,video_keydown, ,0,-1
1676507417616,11.670073,video_keydown, ,0,-1
1676507417662,11.715904,video_keydown, ,0,-1
1676507417693,11.74674,video_keydown, ,0,-1
1676507417724,11.777706,video_keydown, ,0,-1
1676507417754,11.808382,video_keydown, ,0,-1
1676507417786,11.83956,video_keydown, ,0,-1
1676507417816,11.869812,video_keydown, ,0,-1
1676507417847,11.901125,video_keydown, ,0,-1
1676507417893,11.94689,video_keydown, ,0,-1
1676507417924,11.977478,video_keydown, ,0,-1
1676507417955,12.008536,video_keydown, ,0,-1
1676507417985,12.039113,video_keydown, ,0,-1
1676507418016,12.069863,video_keydown, ,0,-1
1676507418047,12.1009,video_keydown, ,0,-1
1676507418077,12.131297,video_keydown, ,0,-1
1676507418123,12.17701,video_keydown, ,0,-1
1676507418154,12.20821,video_keydown, ,0,-1
1676507418185,12.238836,video_keydown, ,0,-1
1676507418216,12.269521,video_keydown, ,0,-1
1676507418246,12.300309,video_keydown, ,0,-1
1676507418277,12.33101,video_keydown, ,0,-1
1676507418323,12.376958,video_keydown, ,0,-1
1676507418354,12.408189,video_keydown, ,0,-1
1676507418385,12.439091,video_keydown, ,0,-1
1676507418416,12.469572,video_keydown, ,0,-1
1676507418447,12.500458,video_keydown, ,0,-1
1676507418478,12.531539,video_keydown, ,0,-1
1676507418508,12.561939,video_keydown, ,0,-1
1676507418539,12.592991,video_keydown, ,0,-1
1676507418585,12.639174,video_keydown, ,0,-1
1676507418616,12.669926,video_keydown, ,0,-1
1676507418647,12.700563,video_keydown, ,0,-1
1676507418677,12.731066,video_keydown, ,0,-1
1676507418708,12.761508,video_keydown, ,0,-1
1676507418738,12.792011,video_keydown, ,0,-1
1676507418784,12.838066,video_keydown, ,0,-1
1676507418815,12.86888,video_keydown, ,0,-1
1676507418846,12.900065,video_keydown, ,0,-1
1676507418876,12.93027,video_keydown, ,0,-1
1676507418908,12.961416,video_keydown, ,0,-1
1676507418938,12.992009,video_keydown, ,0,-1
1676507418969,13.02261,video_keydown, ,0,-1
1676507418974,13.028103,video_keyup, ,0,-1
1676507499631,32.447035,video_keydown, ,1,-1
1676507500142,32.957421,video_keydown, ,1,-1
1676507500172,32.988079,video_keydown, ,1,-1
1676507500203,33.018776,video_keydown, ,1,-1
1676507500234,33.049477,video_keydown, ,1,-1
1676507500264,33.080087,video_keydown, ,1,-1
1676507500310,33.12624,video_keydown, ,1,-1
1676507500341,33.15684,video_keydown, ,1,-1
1676507500372,33.18787,video_keydown, ,1,-1
1676507500402,33.218178,video_keydown, ,1,-1
1676507500433,33.248934,video_keydown, ,1,-1
1676507500463,33.279228,video_keydown, ,1,-1
1676507500495,33.310971,video_keydown, ,1,-1
1676507500541,33.357129,video_keydown, ,1,-1
1676507500572,33.388084,video_keydown, ,1,-1
1676507500603,33.418929,video_keydown, ,1,-1
1676507500634,33.44944,video_keydown, ,1,-1
1676507500664,33.480021,video_keydown, ,1,-1
1676507500695,33.511009,video_keydown, ,1,-1
1676507500726,33.541778,video_keydown, ,1,-1
1676507500772,33.587398,video_keydown, ,1,-1
1676507500803,33.618818,video_keydown, ,1,-1
1676507500833,33.649161,video_keydown, ,1,-1
1676507500864,33.679859,video_keydown, ,1,-1
1676507500895,33.710898,video_keydown, ,1,-1
1676507500926,33.74188,video_keydown, ,1,-1
1676507500957,33.772949,video_keydown, ,1,-1
1676507501003,33.818861,video_keydown, ,1,-1
1676507501033,33.848997,video_keydown, ,1,-1
1676507501064,33.879492,video_keydown, ,1,-1
1676507501095,33.910545,video_keydown, ,1,-1
1676507501126,33.941683,video_keydown, ,1,-1
1676507501157,33.972534,video_keydown, ,1,-1
1676507501188,34.003637,video_keydown, ,1,-1
1676507501234,34.049845,video_keydown, ,1,-1
1676507501265,34.080499,video_keydown, ,1,-1
1676507501296,34.111398,video_keydown, ,1,-1
1676507501327,34.142766,video_keydown, ,1,-1
1676507501357,34.173163,video_keydown, ,1,-1
1676507501388,34.203747,video_keydown, ,1,-1
1676507501419,34.234521,video_keydown, ,1,-1
1676507501464,34.280012,video_keydown, ,1,-1
1676507501495,34.311052,video_keydown, ,1,-1
1676507501526,34.341919,video_keydown, ,1,-1
1676507501558,34.373335,video_keydown, ,1,-1
1676507501588,34.403683,video_keydown, ,1,-1
1676507501619,34.43469,video_keydown, ,1,-1
1676507501650,34.465361,video_keydown, ,1,-1
1676507501696,34.511772,video_keydown, ,1,-1
1676507501727,34.542973,video_keydown, ,1,-1
1676507501757,34.573167,video_keydown, ,1,-1
1676507501788,34.603779,video_keydown, ,1,-1
1676507501818,34.633947,video_keydown, ,1,-1
1676507501849,34.664726,video_keydown, ,1,-1
1676507501895,34.711063,video_keydown, ,1,-1
1676507501926,34.741747,video_keydown, ,1,-1
1676507501957,34.77317,video_keydown, ,1,-1
1676507501987,34.803167,video_keydown, ,1,-1
1676507502018,34.833542,video_keydown, ,1,-1
1676507502049,34.864403,video_keydown, ,1,-1
1676507502079,34.89517,video_keydown, ,1,-1
1676507502126,34.942056,video_keydown, ,1,-1
1676507502157,34.972924,video_keydown, ,1,-1
1676507502188,35.003393,video_keydown, ,1,-1
1676507502218,35.034067,video_keydown, ,1,-1
1676507502249,35.065159,video_keydown, ,1,-1
1676507502280,35.095826,video_keydown, ,1,-1
1676507502311,35.126552,video_keydown, ,1,-1
1676507502357,35.172713,video_keydown, ,1,-1
1676507502388,35.204149,video_keydown, ,1,-1
1676507502418,35.233954,video_keydown, ,1,-1
1676507502449,35.264625,video_keydown, ,1,-1
1676507502465,35.280874,video_keyup, ,1,-1
1676507522199,55.015048,video_keydown, ,1,-1
1676507522710,55.526107,video_keydown, ,1,-1
1676507522741,55.557116,video_keydown, ,1,-1
1676507522772,55.58764,video_keydown, ,1,-1
1676507522803,55.618505,video_keydown, ,1,-1
1676507522833,55.648904,video_keydown, ,1,-1
1676507522880,55.695904,video_keydown, ,1,-1
1676507522910,55.725895,video_keydown, ,1,-1
1676507522941,55.756502,video_keydown, ,1,-1
1676507522972,55.787591,video_keydown, ,1,-1
1676507523003,55.818503,video_keydown, ,1,-1
1676507523034,55.849461,video_keydown, ,1,-1
1676507523065,55.880536,video_keydown, ,1,-1
1676507523095,55.91111,video_keydown, ,1,-1
1676507523142,55.957434,video_keydown, ,1,-1
1676507523172,55.988027,video_keydown, ,1,-1
1676507523203,56.019029,video_keydown, ,1,-1
1676507523234,56.049445,video_keydown, ,1,-1
1676507523264,56.080012,video_keydown, ,1,-1
1676507523295,56.111045,video_keydown, ,1,-1
1676507523341,56.157322,video_keydown, ,1,-1
1676507523372,56.188018,video_keydown, ,1,-1
1676507523390,56.205799,video_keyup, ,1,-1
1676507525265,58.081066,video_keydown, ,1,-1
1676507525770,58.586204,video_keydown, ,1,-1
1676507525801,58.61684,video_keydown, ,1,-1
1676507525832,58.647972,video_keydown, ,1,-1
1676507525878,58.69373,video_keydown, ,1,-1
1676507525909,58.724373,video_keydown, ,1,-1
1676507525939,58.75534,video_keydown, ,1,-1
1676507525971,58.786467,video_keydown, ,1,-1
1676507526001,58.816951,video_keydown, ,1,-1
1676507526032,58.847533,video_keydown, ,1,-1
1676507526062,58.878133,video_keydown, ,1,-1
1676507526109,58.92433,video_keydown, ,1,-1
1676507526139,58.955193,video_keydown, ,1,-1
1676507526170,58.985543,video_keydown, ,1,-1
1676507526201,59.016465,video_keydown, ,1,-1
1676507526231,59.047033,video_keydown, ,1,-1
1676507526262,59.077748,video_keydown, ,1,-1
1676507526309,59.124315,video_keydown, ,1,-1
1676507526339,59.155104,video_keydown, ,1,-1
1676507526370,59.185963,video_keydown, ,1,-1
1676507526401,59.216605,video_keydown, ,1,-1
1676507526432,59.247419,video_keydown, ,1,-1
1676507526463,59.278714,video_keydown, ,1,-1
1676507526493,59.308882,video_keydown, ,1,-1
1676507526539,59.354753,video_keydown, ,1,-1
1676507526569,59.385218,video_keydown, ,1,-1
1676507526600,59.416159,video_keydown, ,1,-1
1676507526630,59.446329,video_keydown, ,1,-1
1676507526661,59.477192,video_keydown, ,1,-1
1676507526692,59.508208,video_keydown, ,1,-1
1676507526723,59.53879,video_keydown, ,1,-1
1676507526769,59.584501,video_keydown, ,1,-1
1676507526799,59.615042,video_keydown, ,1,-1
1676507526830,59.645643,video_keydown, ,1,-1
1676507526862,59.678113,video_keydown, ,1,-1
1676507526891,59.707186,video_keydown, ,1,-1
1676507526923,59.738451,video_keydown, ,1,-1
1676507526954,59.769348,video_keydown, ,1,-1
1676507526999,59.814906,video_keydown, ,1,-1
1676507527030,59.845527,video_keydown, ,1,-1
1676507527060,59.8759,video_keydown, ,1,-1
1676507527091,59.90668,video_keydown, ,1,-1
1676507527122,59.937485,video_keydown, ,1,-1
1676507527152,59.96832,video_keydown, ,1,-1
1676507527199,60.014775,video_keydown, ,1,-1
1676507527230,60.045749,video_keydown, ,1,-1
1676507527260,60.075923,video_keydown, ,1,-1
1676507527291,60.106654,video_keydown, ,1,-1
1676507527322,60.137356,video_keydown, ,1,-1
1676507527353,60.168495,video_keydown, ,1,-1
1676507527383,60.198916,video_keydown, ,1,-1
1676507527429,60.244716,video_keydown, ,1,-1
1676507527460,60.275575,video_keydown, ,1,-1
1676507527490,60.306244,video_keydown, ,1,-1
1676507527521,60.33702,video_keydown, ,1,-1
1676507527552,60.368013,video_keydown, ,1,-1
1676507527583,60.398953,video_keydown, ,1,-1
1676507527614,60.429804,video_keydown, ,1,-1
1676507527660,60.476195,video_keydown, ,1,-1
1676507527691,60.507179,video_keydown, ,1,-1
1676507527722,60.538151,video_keydown, ,1,-1
1676507527754,60.569567,video_keydown, ,1,-1
1676507527784,60.599962,video_keydown, ,1,-1
1676507527815,60.630981,video_keydown, ,1,-1
1676507527847,60.662616,video_keydown, ,1,-1
1676507527893,60.70863,video_keydown, ,1,-1
1676507527923,60.739266,video_keydown, ,1,-1
1676507527955,60.770416,video_keydown, ,1,-1
1676507527989,60.55,video_keydown, ,2,-1
1676507528016,60.55,video_keydown, ,2,-1
1676507528047,60.55,video_keydown, ,2,-1
1676507528078,60.55,video_keydown, ,2,-1
1676507528109,60.55,video_keydown, ,2,-1
1676507528156,60.55,video_keydown, ,2,-1
1676507528187,60.55,video_keydown, ,2,-1
1676507528217,60.55,video_keydown, ,2,-1
1676507528248,60.55,video_keydown, ,2,-1
1676507528279,60.55,video_keydown, ,2,-1
1676507528310,60.55,video_keydown, ,2,-1
1676507528341,60.55,video_keydown, ,2,-1
1676507528387,60.55,video_keydown, ,2,-1
1676507528388,60.55,video_keyup, ,2,-1
