sys_timestamp,vid_timestamp,event_name,key_number,pause_num,next_pause_vid_ts
1675189868087,5.442610870804593,video_keydown, ,0,-1
1675189868588,5.944112125932256,video_keydown, ,0,-1
1675189868674,6.029576966213348,video_keydown, ,0,-1
1675189868756,6.111745799100312,video_keydown, ,0,-1
1675189868841,6.196600074088487,video_keydown, ,0,-1
1675189868923,6.278893908883921,video_keydown, ,0,-1
1675189869007,6.363331786056525,video_keydown, ,0,-1
1675189869092,6.4475316160868905,video_keydown, ,0,-1
1675189869175,6.531454585031425,video_keydown, ,0,-1
1675189869258,6.613978137965133,video_keydown, ,0,-1
1675189869342,6.698018889213418,video_keydown, ,0,-1
1675189869425,6.781182796266367,video_keydown, ,0,-1
1675189869510,6.865631533878493,video_keydown, ,0,-1
1675189869592,6.948187837003368,video_keydown, ,0,-1
1675189869677,7.033186987105935,video_keydown, ,0,-1
1675189869761,7.1165783270897265,video_keydown, ,0,-1
1675189869845,7.200540694937288,video_keydown, ,0,-1
1675189869927,7.2828655640363635,video_keydown, ,0,-1
1675189870011,7.366692478931689,video_keydown, ,0,-1
1675189870095,7.450995213980967,video_keydown, ,0,-1
1675189870179,7.53516455307098,video_keydown, ,0,-1
1675189870261,7.617029596217516,video_keydown, ,0,-1
1675189870319,7.675056489049065,video_keyup, ,0,-1
1675189870411,7.767023052974509,video_keydown, ,0,-1
1675189870909,8.265020782875576,video_keydown, ,0,-1
1675189870993,8.349029114053332,video_keydown, ,0,-1
1675189871077,8.432874947835439,video_keydown, ,0,-1
1675189871160,8.51597217711037,video_keydown, ,0,-1
1675189871244,8.599665801118817,video_keydown, ,0,-1
1675189871327,8.683379163014989,video_keydown, ,0,-1
1675189871440,8.796151780038427,video_keydown, ,0,-1
1675189871495,8.851521538012697,video_keydown, ,0,-1
1675189871579,8.935342922016083,video_keydown, ,0,-1
1675189871665,9.021153204982205,video_keydown, ,0,-1
1675189871747,9.102822448207526,video_keydown, ,0,-1
1675189871832,9.187881459096907,video_keydown, ,0,-1
1675189871914,9.270515043065886,video_keydown, ,0,-1
1675189871934,9.290177903148349,video_keyup, ,0,-1
1675189953389,27.61173780321002,video_keydown, ,1,-1
1675189953891,28.11349952593472,video_keydown, ,1,-1
1675189953975,28.197798206174376,video_keydown, ,1,-1
1675189954059,28.28140479622558,video_keydown, ,1,-1
1675189954142,28.364835450129213,video_keydown, ,1,-1
1675189954226,28.449188756990207,video_keydown, ,1,-1
1675189954310,28.533259483055172,video_keydown, ,1,-1
1675189954395,28.617539695810393,video_keydown, ,1,-1
1675189954478,28.700740793833376,video_keydown, ,1,-1
1675189954561,28.78419290376704,video_keydown, ,1,-1
1675189954646,28.868395531884094,video_keydown, ,1,-1
1675189954730,28.952659356741865,video_keydown, ,1,-1
1675189954813,29.03590180210447,video_keydown, ,1,-1
1675189954897,29.119970593113955,video_keydown, ,1,-1
1675189954980,29.202829519973907,video_keydown, ,1,-1
1675189955064,29.286361242865983,video_keydown, ,1,-1
1675189955147,29.369817692818923,video_keydown, ,1,-1
1675189955230,29.452824514857365,video_keydown, ,1,-1
1675189955315,29.53749273604235,video_keydown, ,1,-1
1675189955398,29.620974098185986,video_keydown, ,1,-1
1675189955481,29.703569965057984,video_keydown, ,1,-1
1675189955564,29.78665805820789,video_keydown, ,1,-1
1675189955647,29.869969897004253,video_keydown, ,1,-1
1675189955732,29.95456863803271,video_keydown, ,1,-1
1675189955814,30.03630900211615,video_keydown, ,1,-1
1675189955898,30.120946347163816,video_keydown, ,1,-1
1675189955982,30.205083314079808,video_keydown, ,1,-1
1675189956066,30.288786126982437,video_keydown, ,1,-1
1675189956149,30.3716530820653,video_keydown, ,1,-1
1675189956234,30.45723011085588,video_keydown, ,1,-1
1675189956317,30.539956483028934,video_keydown, ,1,-1
1675189956401,30.623775896895946,video_keydown, ,1,-1
1675189956484,30.70677507580285,video_keydown, ,1,-1
1675189956568,30.791110987144645,video_keydown, ,1,-1
1675189956644,30.867338134043973,video_keyup, ,1,-1
1675189956826,31.048937195849522,video_keydown, ,1,-1
1675189957321,31.544313250977325,video_keydown, ,1,-1
1675189957405,31.628029189875846,video_keydown, ,1,-1
1675189957489,31.711562826868644,video_keydown, ,1,-1
1675189957573,31.79564247081532,video_keydown, ,1,-1
1675189957656,31.87892186885244,video_keydown, ,1,-1
1675189957741,31.96375168567999,video_keydown, ,1,-1
1675189957824,32.04728820323348,video_keydown, ,1,-1
1675189957910,32.132621985248846,video_keydown, ,1,-1
1675189957993,32.21551924803664,video_keydown, ,1,-1
1675189958075,32.29764976095778,video_keydown, ,1,-1
1675189958159,32.38149346003303,video_keydown, ,1,-1
1675189958243,32.465510256001664,video_keydown, ,1,-1
1675189958326,32.54899667610408,video_keydown, ,1,-1
1675189958410,32.63289163287283,video_keydown, ,1,-1
1675189958494,32.71716539587379,video_keydown, ,1,-1
1675189958579,32.801535438278236,video_keydown, ,1,-1
1675189958661,32.884101886299916,video_keydown, ,1,-1
1675189958747,32.96949738240569,video_keydown, ,1,-1
1675189958830,33.052782346809074,video_keydown, ,1,-1
1675189958914,33.1369103068372,video_keydown, ,1,-1
1675189958998,33.220595591151834,video_keydown, ,1,-1
1675189959082,33.304540458051235,video_keydown, ,1,-1
1675189959164,33.38661930293962,video_keydown, ,1,-1
1675189959214,33.436878834880886,video_keyup, ,1,-1
1675189959300,33.52319728888757,video_keydown, ,1,-1
1675189959801,34.02411081298429,video_keydown, ,1,-1
1675189959886,34.108407545892405,video_keydown, ,1,-1
1675189959970,34.192853544853044,video_keydown, ,1,-1
1675189960054,34.27703761566931,video_keydown, ,1,-1
1675189960138,34.36112379284145,video_keydown, ,1,-1
1675189960222,34.44540865897103,video_keydown, ,1,-1
1675189960306,34.52898057006202,video_keydown, ,1,-1
1675189960390,34.612562009959234,video_keydown, ,1,-1
1675189960475,34.697418102889074,video_keydown, ,1,-1
1675189960558,34.780780822864486,video_keydown, ,1,-1
1675189960642,34.86509158600446,video_keydown, ,1,-1
1675189960653,34.875663015976066,video_keyup, ,1,-1
1675189968800,43.02270797110519,video_keydown, ,1,-1
1675189969298,43.521175708921334,video_keydown, ,1,-1
1675189969382,43.60501806398079,video_keydown, ,1,-1
1675189969466,43.689056316324496,video_keydown, ,1,-1
1675189969549,43.77191862620319,video_keydown, ,1,-1
1675189969633,43.85661369810193,video_keydown, ,1,-1
1675189969716,43.93912073030449,video_keydown, ,1,-1
1675189969801,44.023872481824505,video_keydown, ,1,-1
1675189969884,44.10670123801348,video_keydown, ,1,-1
1675189969968,44.191161083921465,video_keydown, ,1,-1
1675189970044,44.26691125596171,video_keyup, ,1,-1
1675189970948,45.17156930787311,video_keydown, ,1,-1
1675189971450,45.67343618391887,video_keydown, ,1,-1
1675189971534,45.75714224201501,video_keydown, ,1,-1
1675189971618,45.84096734502828,video_keydown, ,1,-1
1675189971701,45.9239235550399,video_keydown, ,1,-1
1675189971785,46.008472423045994,video_keydown, ,1,-1
1675189971869,46.092336942921925,video_keydown, ,1,-1
1675189971953,46.17646704499197,video_keydown, ,1,-1
1675189972038,46.261532834071254,video_keydown, ,1,-1
1675189972121,46.34429841003526,video_keydown, ,1,-1
1675189972206,46.428893293883384,video_keydown, ,1,-1
1675189972290,46.512809558702365,video_keydown, ,1,-1
1675189972308,46.531447766745195,video_keyup, ,1,-1
1675189985879,60.102957032158656,video_keydown, ,1,-1
1675189986377,60.600628859860464,video_keydown, ,1,-1
1675189986461,60.68483476217185,video_keydown, ,1,-1
1675189986545,60.76806735007373,video_keydown, ,1,-1
1675189986629,60.85252136706655,video_keydown, ,1,-1
1675189986713,60.93617203396926,video_keydown, ,1,-1
1675189986797,61.02069859284157,video_keydown, ,1,-1
1675189986880,61.10360804409412,video_keydown, ,1,-1
1675189986963,61.18659471603734,video_keydown, ,1,-1
1675189987047,61.27052571996739,video_keydown, ,1,-1
1675189987131,61.3541010639144,video_keydown, ,1,-1
1675189987213,61.436997894894134,video_keydown, ,1,-1
1675189987297,61.52012863923372,video_keydown, ,1,-1
1675189987380,61.60376141015948,video_keydown, ,1,-1
1675189987463,61.6870276879786,video_keydown, ,1,-1
1675189987548,61.771056768091995,video_keydown, ,1,-1
1675189987632,61.855618337941024,video_keydown, ,1,-1
1675189987716,61.93969809508745,video_keydown, ,1,-1
1675189987800,62.023921031158906,video_keydown, ,1,-1
1675189987885,62.10849519815697,video_keydown, ,1,-1
1675189987968,62.19184142114996,video_keydown, ,1,-1
1675189988053,62.276271654958194,video_keydown, ,1,-1
1675189988136,62.36000362903979,video_keydown, ,1,-1
1675189988220,62.443052197146976,video_keydown, ,1,-1
1675189988303,62.3,video_keydown, ,2,-1
1675189988386,62.3,video_keydown, ,2,-1
1675189988470,62.3,video_keydown, ,2,-1
1675189988554,62.3,video_keydown, ,2,-1
1675189988638,62.3,video_keydown, ,2,-1
1675189988723,62.3,video_keydown, ,2,-1
1675189988807,62.3,video_keydown, ,2,-1
1675189988891,62.3,video_keydown, ,2,-1
1675189988957,62.3,video_keyup, ,2,-1
