sys_timestamp,vid_timestamp,event_name,key_number,pause_num,next_pause_vid_ts
1676507398087,13.756263,tutorial_keydown, ,2,-1
1676507398476,14.145752,tutorial_keyup, ,2,-1
1676507398710,14.379207,tutorial_keydown, ,2,-1
1676507398834,14.503497,tutorial_keyup, ,2,-1
1676507399080,14.74966,tutorial_keydown, ,2,-1
1676507399125,14.79501,tutorial_keyup, ,2,-1
1676507399282,14.951447,tutorial_keydown, ,2,-1
1676507399365,15.034841,tutorial_keyup, ,2,-1
1676507399565,15.23471,tutorial_keydown, ,2,-1
1676507399690,15.359896,tutorial_keyup, ,2,-1
1676507399839,15.508857,tutorial_keydown, ,2,-1
1676507399932,15.600895,tutorial_keyup, ,2,-1
1676507400144,15.813612,tutorial_keydown, ,2,-1
1676507400239,15.909081,tutorial_keyup, ,2,-1
1676507400413,16.082671,tutorial_keydown, ,2,-1
1676507400534,16.203861,tutorial_keyup, ,2,-1
1676507400673,16.341968,tutorial_keydown, ,2,-1
1676507400798,16.467656,tutorial_keyup, ,2,-1
1676507401012,16.681013,tutorial_keydown, ,2,-1
1676507401131,16.800526,tutorial_keyup, ,2,-1
1676507401231,16.901022,tutorial_keydown, ,2,-1
1676507401309,16.978836,tutorial_keyup, ,2,-1
1676507401391,17.060029,tutorial_keydown, ,2,-1
1676507401893,17.3,tutorial_keydown, ,3,-1
1676507401949,17.3,tutorial_keydown, ,3,-1
1676507402006,17.3,tutorial_keydown, ,3,-1
1676507402061,17.3,tutorial_keydown, ,3,-1
1676507402117,17.3,tutorial_keydown, ,3,-1
1676507402169,17.3,tutorial_keydown, ,3,-1
1676507402222,17.3,tutorial_keydown, ,3,-1
1676507402277,17.3,tutorial_keydown, ,3,-1
1676507402333,17.3,tutorial_keydown, ,3,-1
1676507402389,17.3,tutorial_keydown, ,3,-1
1676507402445,17.3,tutorial_keydown, ,3,-1
1676507402501,17.3,tutorial_keydown, ,3,-1
1676507402523,17.3,tutorial_keyup, ,3,-1
1676507402973,17.3,tutorial_keydown, ,3,-1
1676507403228,17.3,tutorial_keyup, ,3,-1
1676507403311,17.3,tutorial_keydown, ,3,-1
1676507403553,17.3,tutorial_keyup, ,3,-1
1676507403650,17.3,tutorial_keydown, ,3,-1
1676507403850,17.3,tutorial_keyup, ,3,-1
1676507427353,18.547889,tutorial_keydown, ,3,-1
1676507427615,18.809203,tutorial_keyup, ,3,-1
1676507427672,18.866335,tutorial_keydown, ,3,-1
1676507428181,19.374971,tutorial_keydown, ,3,-1
1676507428235,19.429953,tutorial_keydown, ,3,-1
1676507428263,19.458189,tutorial_keyup, ,3,-1
1676507428345,19.539054,tutorial_keydown, ,3,-1
1676507428455,19.5,tutorial_keyup, ,4,-1
1676507428507,19.5,tutorial_keydown, ,4,-1
1676507429013,19.5,tutorial_keydown, ,4,-1
1676507429022,19.5,tutorial_keyup, ,4,-1
1676507429106,19.5,tutorial_keydown, ,4,-1
1676507429398,19.5,tutorial_keyup, ,4,-1
1676507429508,19.5,tutorial_keydown, ,4,-1
1676507430013,19.5,tutorial_keydown, ,4,-1
1676507430020,19.5,tutorial_keyup, ,4,-1
1676507430167,19.5,tutorial_keydown, ,4,-1
1676507430402,19.5,tutorial_keyup, ,4,-1
1676507513786,39.714355,tutorial_keydown, ,6,-1
1676507514099,40.026952,tutorial_keyup, ,6,-1
1676507514487,40.415248,tutorial_keydown, ,6,-1
1676507514713,40.641328,tutorial_keyup, ,6,-1
1676507514984,40.91205,tutorial_keydown, ,6,-1
1676507515180,41.107811,tutorial_keyup, ,6,-1
1676507515333,41.26089,tutorial_keydown, ,6,-1
1676507515837,41.765132,tutorial_keydown, ,6,-1
1676507515893,41.821147,tutorial_keydown, ,6,-1
1676507515948,41.876602,tutorial_keydown, ,6,-1
1676507516005,41.932861,tutorial_keydown, ,6,-1
1676507516041,41.969283,tutorial_keyup, ,6,-1
1676507516167,42.095397,tutorial_keydown, ,6,-1
1676507516283,42.211359,tutorial_keyup, ,6,-1
1676507516413,42.341322,tutorial_keydown, ,6,-1
1676507516528,42.455624,tutorial_keyup, ,6,-1
1676507516637,42.564893,tutorial_keydown, ,6,-1
1676507516713,42.641165,tutorial_keyup, ,6,-1
1676507516838,42.765779,tutorial_keydown, ,6,-1
1676507516939,42.867149,tutorial_keyup, ,6,-1
1676507517055,42.977065,tutorial_keydown, ,6,-1
1676507517279,43.207242,tutorial_keyup, ,6,-1
1676507517396,43.323913,tutorial_keydown, ,6,-1
1676507517685,43.613154,tutorial_keyup, ,6,-1
1676507517825,43.752833,tutorial_keydown, ,6,-1
1676507518146,44.074437,tutorial_keyup, ,6,-1
1676507518292,44.220092,tutorial_keydown, ,6,-1
1676507518550,44.478427,tutorial_keyup, ,6,-1
1676507518707,44.635341,tutorial_keydown, ,6,-1
1676507519212,45.140547,tutorial_keydown, ,6,-1
1676507519269,45.197025,tutorial_keydown, ,6,-1
1676507519325,45.253753,tutorial_keydown, ,6,-1
1676507519380,45.308616,tutorial_keydown, ,6,-1
1676507519437,45.365106,tutorial_keydown, ,6,-1
1676507519489,45.4167,tutorial_keydown, ,6,-1
1676507519540,45.46816,tutorial_keydown, ,6,-1
1676507519597,45.525242,tutorial_keydown, ,6,-1
1676507519654,45.58231,tutorial_keydown, ,6,-1
1676507519708,45.636594,tutorial_keydown, ,6,-1
1676507519764,45.692558,tutorial_keydown, ,6,-1
1676507519820,45.748518,tutorial_keydown, ,6,-1
1676507519877,45.804928,tutorial_keydown, ,6,-1
1676507519932,45.860799,tutorial_keydown, ,6,-1
1676507519989,45.917066,tutorial_keydown, ,6,-1
1676507520044,45.972342,tutorial_keydown, ,6,-1
1676507520100,46.028401,tutorial_keydown, ,6,-1
1676507520154,46,tutorial_keydown, ,7,-1
1676507520213,46,tutorial_keydown, ,7,-1
1676507520269,46,tutorial_keydown, ,7,-1
1676507520325,46,tutorial_keydown, ,7,-1
1676507520381,46,tutorial_keydown, ,7,-1
1676507520436,46,tutorial_keydown, ,7,-1
1676507520495,46,tutorial_keydown, ,7,-1
1676507520548,46,tutorial_keydown, ,7,-1
1676507520604,46,tutorial_keydown, ,7,-1
1676507520667,46,tutorial_keydown, ,7,-1
1676507520716,46,tutorial_keydown, ,7,-1
1676507520772,46,tutorial_keydown, ,7,-1
1676507520826,46,tutorial_keydown, ,7,-1
1676507520878,46,tutorial_keydown, ,7,-1
1676507520933,46,tutorial_keydown, ,7,-1
1676507520989,46,tutorial_keydown, ,7,-1
1676507521044,46,tutorial_keydown, ,7,-1
1676507521101,46,tutorial_keydown, ,7,-1
1676507521154,46,tutorial_keydown, ,7,-1
1676507521206,46,tutorial_keydown, ,7,-1
1676507521261,46,tutorial_keydown, ,7,-1
1676507521317,46,tutorial_keydown, ,7,-1
1676507521353,46,tutorial_keyup, ,7,-1
