sys_timestamp,vid_timestamp,event_name,key_number,pause_num,next_pause_vid_ts
1676507430682,2.114438,tutorial_keydown, ,1,-1
1676507430740,2.172563,tutorial_keyup, ,1,-1
1676507449970,17.3,tutorial_keydown, ,3,-1
1676507450469,17.3,tutorial_keydown, ,3,-1
1676507450472,17.3,tutorial_keyup, ,3,-1
1676507460419,18.231563,tutorial_keydown, ,3,-1
1676507460537,18.349583,tutorial_keyup, ,3,-1
1676507460596,18.408417,tutorial_keydown, ,3,-1
1676507460673,18.485563,tutorial_keyup, ,3,-1
1676507460810,18.622438,tutorial_keydown, ,3,-1
1676507460922,18.734563,tutorial_keyup, ,3,-1
1676507461042,18.854438,tutorial_keydown, ,3,-1
1676507461541,19.353521,tutorial_keydown, ,3,-1
1676507461574,19.385417,tutorial_keydown, ,3,-1
1676507461607,19.419438,tutorial_keydown, ,3,-1
1676507461641,19.453542,tutorial_keydown, ,3,-1
1676507461674,19.486438,tutorial_keydown, ,3,-1
1676507461707,19.519458,tutorial_keydown, ,3,-1
1676507461740,19.552563,tutorial_keydown, ,3,-1
1676507461775,19.5,tutorial_keydown, ,4,-1
1676507461805,19.5,tutorial_keydown, ,4,-1
1676507461839,19.5,tutorial_keydown, ,4,-1
1676507461871,19.5,tutorial_keydown, ,4,-1
1676507461904,19.5,tutorial_keydown, ,4,-1
1676507461938,19.5,tutorial_keydown, ,4,-1
1676507461985,19.5,tutorial_keydown, ,4,-1
1676507462003,19.5,tutorial_keydown, ,4,-1
1676507462036,19.5,tutorial_keydown, ,4,-1
1676507462072,19.5,tutorial_keydown, ,4,-1
1676507462102,19.5,tutorial_keydown, ,4,-1
1676507462105,19.5,tutorial_keyup, ,4,-1
1676507478527,20.310583,tutorial_keydown, ,4,-1
1676507479027,20.811438,tutorial_keydown, ,4,-1
1676507479060,20.843583,tutorial_keydown, ,4,-1
1676507479093,20.876479,tutorial_keydown, ,4,-1
1676507479126,20.909521,tutorial_keydown, ,4,-1
1676507479159,20.942563,tutorial_keydown, ,4,-1
1676507479194,20.977521,tutorial_keydown, ,4,-1
1676507479225,21.0085,tutorial_keydown, ,4,-1
1676507479258,21.041583,tutorial_keydown, ,4,-1
1676507479291,21.075458,tutorial_keydown, ,4,-1
1676507479326,21.109479,tutorial_keydown, ,4,-1
1676507479357,21.140542,tutorial_keydown, ,4,-1
1676507479391,21.174458,tutorial_keydown, ,4,-1
1676507479424,21.207479,tutorial_keydown, ,4,-1
1676507479458,21.241542,tutorial_keydown, ,4,-1
1676507479490,21.2735,tutorial_keydown, ,4,-1
1676507479523,21.306542,tutorial_keydown, ,4,-1
1676507479556,21.33975,tutorial_keydown, ,4,-1
1676507479594,21.377563,tutorial_keydown, ,4,-1
1676507479627,21.411438,tutorial_keydown, ,4,-1
1676507479656,21.440417,tutorial_keydown, ,4,-1
1676507479689,21.473417,tutorial_keydown, ,4,-1
1676507479722,21.505542,tutorial_keydown, ,4,-1
1676507479755,21.538583,tutorial_keydown, ,4,-1
1676507479789,21.572458,tutorial_keydown, ,4,-1
1676507479821,21.604521,tutorial_keydown, ,4,-1
1676507479825,21.608521,tutorial_keyup, ,4,-1
1676507524529,40.411625,tutorial_keydown, ,6,-1
1676507525029,40.912521,tutorial_keydown, ,6,-1
1676507525061,40.944792,tutorial_keydown, ,6,-1
1676507525094,40.9775,tutorial_keydown, ,6,-1
1676507525127,41.010458,tutorial_keydown, ,6,-1
1676507525160,41.043667,tutorial_keydown, ,6,-1
1676507525193,41.076438,tutorial_keydown, ,6,-1
1676507525226,41.109438,tutorial_keydown, ,6,-1
1676507525259,41.142667,tutorial_keydown, ,6,-1
1676507525292,41.175438,tutorial_keydown, ,6,-1
1676507525325,41.208458,tutorial_keydown, ,6,-1
1676507525358,41.241708,tutorial_keydown, ,6,-1
1676507525391,41.274438,tutorial_keydown, ,6,-1
1676507525432,41.315438,tutorial_keydown, ,6,-1
1676507525457,41.340646,tutorial_keydown, ,6,-1
1676507525490,41.3735,tutorial_keydown, ,6,-1
1676507525523,41.406396,tutorial_keydown, ,6,-1
1676507525557,41.440688,tutorial_keydown, ,6,-1
1676507525590,41.473458,tutorial_keydown, ,6,-1
1676507525622,41.505396,tutorial_keydown, ,6,-1
1676507525656,41.539688,tutorial_keydown, ,6,-1
1676507525689,41.572458,tutorial_keydown, ,6,-1
1676507525725,41.608417,tutorial_keydown, ,6,-1
1676507525754,41.637646,tutorial_keydown, ,6,-1
1676507525789,41.672458,tutorial_keydown, ,6,-1
1676507525820,41.7035,tutorial_keydown, ,6,-1
1676507525854,41.737542,tutorial_keydown, ,6,-1
1676507525888,41.771458,tutorial_keydown, ,6,-1
1676507525920,41.803417,tutorial_keydown, ,6,-1
1676507525954,41.837604,tutorial_keydown, ,6,-1
1676507525986,41.869604,tutorial_keydown, ,6,-1
1676507526019,41.9025,tutorial_keydown, ,6,-1
1676507526052,41.935542,tutorial_keydown, ,6,-1
1676507526091,41.974479,tutorial_keydown, ,6,-1
1676507526118,42.001479,tutorial_keydown, ,6,-1
1676507526156,42.039563,tutorial_keydown, ,6,-1
1676507526184,42.067438,tutorial_keydown, ,6,-1
1676507526217,42.100479,tutorial_keydown, ,6,-1
1676507526251,42.134542,tutorial_keydown, ,6,-1
1676507526283,42.166479,tutorial_keydown, ,6,-1
1676507526318,42.201417,tutorial_keydown, ,6,-1
1676507526352,42.235563,tutorial_keydown, ,6,-1
1676507526352,42.235563,tutorial_keyup, ,6,-1
1676507527256,43.139542,tutorial_keydown, ,6,-1
1676507527688,43.571417,tutorial_keyup, ,6,-1
1676507528845,44.728458,tutorial_keydown, ,6,-1
1676507529339,45.222458,tutorial_keydown, ,6,-1
1676507529372,45.255542,tutorial_keydown, ,6,-1
1676507529405,45.288521,tutorial_keydown, ,6,-1
1676507529439,45.322417,tutorial_keydown, ,6,-1
1676507529494,45.377563,tutorial_keydown, ,6,-1
1676507529504,45.387563,tutorial_keydown, ,6,-1
1676507529538,45.421479,tutorial_keydown, ,6,-1
1676507529571,45.453542,tutorial_keydown, ,6,-1
1676507529605,45.488542,tutorial_keydown, ,6,-1
1676507529638,45.521417,tutorial_keydown, ,6,-1
1676507529670,45.5535,tutorial_keydown, ,6,-1
1676507529703,45.5865,tutorial_keydown, ,6,-1
1676507529735,45.618417,tutorial_keydown, ,6,-1
1676507529769,45.6515,tutorial_keydown, ,6,-1
1676507529802,45.6855,tutorial_keydown, ,6,-1
1676507529834,45.717417,tutorial_keydown, ,6,-1
1676507529868,45.751604,tutorial_keydown, ,6,-1
1676507529900,45.7835,tutorial_keydown, ,6,-1
1676507529933,45.816417,tutorial_keydown, ,6,-1
1676507529966,45.849563,tutorial_keydown, ,6,-1
1676507530000,45.883458,tutorial_keydown, ,6,-1
1676507530032,45.915417,tutorial_keydown, ,6,-1
1676507530065,45.948521,tutorial_keydown, ,6,-1
1676507530099,45.982521,tutorial_keydown, ,6,-1
1676507530131,46.014417,tutorial_keydown, ,6,-1
1676507530180,46.063479,tutorial_keydown, ,6,-1
1676507530197,46.080563,tutorial_keydown, ,6,-1
1676507530232,46,tutorial_keydown, ,7,-1
1676507530265,46,tutorial_keydown, ,7,-1
1676507530306,46,tutorial_keydown, ,7,-1
1676507530331,46,tutorial_keydown, ,7,-1
1676507530362,46,tutorial_keydown, ,7,-1
1676507530397,46,tutorial_keydown, ,7,-1
1676507530428,46,tutorial_keydown, ,7,-1
1676507530461,46,tutorial_keydown, ,7,-1
1676507530499,46,tutorial_keydown, ,7,-1
1676507530537,46,tutorial_keydown, ,7,-1
1676507530560,46,tutorial_keydown, ,7,-1
1676507530616,46,tutorial_keydown, ,7,-1
1676507530626,46,tutorial_keydown, ,7,-1
1676507530659,46,tutorial_keydown, ,7,-1
1676507530692,46,tutorial_keydown, ,7,-1
1676507530725,46,tutorial_keydown, ,7,-1
1676507530758,46,tutorial_keydown, ,7,-1
1676507530791,46,tutorial_keydown, ,7,-1
1676507530825,46,tutorial_keydown, ,7,-1
1676507530855,46,tutorial_keyup, ,7,-1
