sys_timestamp,vid_timestamp,event_name,key_number,pause_num,next_pause_vid_ts
1675112940365,3.382911,video_keydown, ,0,-1
1675112940865,3.882583,video_keydown, ,0,-1
1675112940893,3.910917,video_keydown, ,0,-1
1675112940923,3.940892,video_keydown, ,0,-1
1675112940953,3.971196,video_keydown, ,0,-1
1675112940984,4.001814,video_keydown, ,0,-1
1675112941014,4.032082,video_keydown, ,0,-1
1675112941044,4.062072,video_keydown, ,0,-1
1675112941074,4.092186,video_keydown, ,0,-1
1675112941105,4.122346,video_keydown, ,0,-1
1675112941134,4.152201,video_keydown, ,0,-1
1675112941161,4.178654,video_keyup, ,0,-1
1675112944347,7.365153,video_keydown, ,0,-1
1675112944846,7.863371,video_keydown, ,0,-1
1675112944875,7.893062,video_keydown, ,0,-1
1675112944905,7.92316,video_keydown, ,0,-1
1675112944935,7.953084,video_keydown, ,0,-1
1675112944965,7.983238,video_keydown, ,0,-1
1675112944996,8.01331,video_keydown, ,0,-1
1675112945026,8.0433,video_keydown, ,0,-1
1675112945056,8.073262,video_keydown, ,0,-1
1675112945085,8.103225,video_keydown, ,0,-1
1675112945116,8.134174,video_keyup, ,0,-1
1675112946553,9.571037,video_keydown, ,0,-1
1675112947054,10.071717,video_keydown, ,0,-1
1675112947084,10.101348,video_keydown, ,0,-1
1675112947114,10.131618,video_keydown, ,0,-1
1675112947144,10.161554,video_keydown, ,0,-1
1675112947174,10.191585,video_keydown, ,0,-1
1675112947204,10.221363,video_keydown, ,0,-1
1675112947234,10.251501,video_keydown, ,0,-1
1675112947264,10.281796,video_keydown, ,0,-1
1675112947294,10.311678,video_keydown, ,0,-1
1675112947324,10.341734,video_keydown, ,0,-1
1675112947354,10.371847,video_keydown, ,0,-1
1675112947384,10.401683,video_keydown, ,0,-1
1675112947415,10.432289,video_keydown, ,0,-1
1675112947444,10.46214,video_keydown, ,0,-1
1675112947475,10.492727,video_keydown, ,0,-1
1675112947504,10.522295,video_keydown, ,0,-1
1675112947535,10.552339,video_keydown, ,0,-1
1675112947565,10.582654,video_keydown, ,0,-1
1675112947596,10.613239,video_keydown, ,0,-1
1675112947625,10.643267,video_keydown, ,0,-1
1675112947656,10.673462,video_keydown, ,0,-1
1675112947686,10.703313,video_keydown, ,0,-1
1675112947716,10.733386,video_keydown, ,0,-1
1675112947746,10.763771,video_keydown, ,0,-1
1675112947776,10.793499,video_keydown, ,0,-1
1675112947806,10.823374,video_keydown, ,0,-1
1675112947836,10.853501,video_keydown, ,0,-1
1675112947866,10.883802,video_keydown, ,0,-1
1675112947883,10.900786,video_keyup, ,0,-1
1675112955292,18,video_keydown, ,1,-1
1675112955795,18,video_keydown, ,1,-1
1675112955825,18,video_keydown, ,1,-1
1675112955856,18,video_keydown, ,1,-1
1675112955885,18,video_keydown, ,1,-1
1675112955915,18,video_keydown, ,1,-1
1675112955945,18,video_keydown, ,1,-1
1675112955975,18,video_keydown, ,1,-1
1675112956005,18,video_keydown, ,1,-1
1675112956036,18,video_keydown, ,1,-1
1675112956065,18,video_keydown, ,1,-1
1675112956095,18,video_keydown, ,1,-1
1675112956126,18,video_keydown, ,1,-1
1675112956146,18,video_keyup, ,1,-1
1675113011447,24.148089,video_keydown, ,1,-1
1675113011945,24.646072,video_keydown, ,1,-1
1675113011975,24.676261,video_keydown, ,1,-1
1675113012005,24.706176,video_keydown, ,1,-1
1675113012035,24.73634,video_keydown, ,1,-1
1675113012066,24.766436,video_keydown, ,1,-1
1675113012096,24.796576,video_keydown, ,1,-1
1675113012126,24.826472,video_keydown, ,1,-1
1675113012156,24.856419,video_keydown, ,1,-1
1675113012185,24.886411,video_keydown, ,1,-1
1675113012216,24.916922,video_keydown, ,1,-1
1675113012246,24.946701,video_keydown, ,1,-1
1675113012276,24.977263,video_keydown, ,1,-1
1675113012306,25.006787,video_keydown, ,1,-1
1675113012336,25.036861,video_keydown, ,1,-1
1675113012366,25.067079,video_keydown, ,1,-1
1675113012396,25.096741,video_keydown, ,1,-1
1675113012426,25.126916,video_keydown, ,1,-1
1675113012456,25.156865,video_keydown, ,1,-1
1675113012486,25.187083,video_keydown, ,1,-1
1675113012517,25.218167,video_keydown, ,1,-1
1675113012546,25.247136,video_keydown, ,1,-1
1675113012576,25.277223,video_keydown, ,1,-1
1675113012606,25.307234,video_keydown, ,1,-1
1675113012636,25.337004,video_keydown, ,1,-1
1675113012667,25.36767,video_keydown, ,1,-1
1675113012697,25.397434,video_keydown, ,1,-1
1675113012726,25.42724,video_keydown, ,1,-1
1675113012757,25.457464,video_keydown, ,1,-1
1675113012786,25.487244,video_keydown, ,1,-1
1675113012817,25.517827,video_keydown, ,1,-1
1675113012847,25.547543,video_keydown, ,1,-1
1675113012877,25.577659,video_keydown, ,1,-1
1675113012907,25.607704,video_keydown, ,1,-1
1675113012937,25.637652,video_keydown, ,1,-1
1675113012967,25.668185,video_keydown, ,1,-1
1675113012997,25.697696,video_keydown, ,1,-1
1675113013027,25.727642,video_keydown, ,1,-1
1675113013057,25.757812,video_keydown, ,1,-1
1675113013087,25.787882,video_keydown, ,1,-1
1675113013117,25.818175,video_keydown, ,1,-1
1675113013147,25.847816,video_keydown, ,1,-1
1675113013177,25.877995,video_keydown, ,1,-1
1675113013207,25.907932,video_keydown, ,1,-1
1675113013237,25.937922,video_keydown, ,1,-1
1675113013267,25.968008,video_keydown, ,1,-1
1675113013297,25.998184,video_keydown, ,1,-1
1675113013327,26.028118,video_keydown, ,1,-1
1675113013357,26.057609,video_keydown, ,1,-1
1675113013362,26.063046,video_keyup, ,1,-1
1675113032876,45.57706,video_keydown, ,1,-1
1675113033376,46.076461,video_keydown, ,1,-1
1675113033405,46.106261,video_keydown, ,1,-1
1675113033435,46.136288,video_keydown, ,1,-1
1675113033466,46.167305,video_keydown, ,1,-1
1675113033495,46.196273,video_keydown, ,1,-1
1675113033525,46.22605,video_keydown, ,1,-1
1675113033555,46.256183,video_keydown, ,1,-1
1675113033585,46.286338,video_keydown, ,1,-1
1675113033615,46.3162,video_keydown, ,1,-1
1675113033646,46.346578,video_keydown, ,1,-1
1675113033676,46.37647,video_keydown, ,1,-1
1675113033706,46.406527,video_keydown, ,1,-1
1675113033736,46.436647,video_keydown, ,1,-1
1675113033766,46.466654,video_keydown, ,1,-1
1675113033796,46.497157,video_keydown, ,1,-1
1675113033826,46.526605,video_keydown, ,1,-1
1675113033856,46.556914,video_keydown, ,1,-1
1675113033886,46.586574,video_keydown, ,1,-1
1675113033916,46.616853,video_keydown, ,1,-1
1675113033946,46.647182,video_keydown, ,1,-1
1675113033976,46.676998,video_keydown, ,1,-1
1675113034006,46.706801,video_keydown, ,1,-1
1675113034036,46.737065,video_keydown, ,1,-1
1675113034066,46.766701,video_keydown, ,1,-1
1675113034097,46.797568,video_keydown, ,1,-1
1675113034126,46.827051,video_keydown, ,1,-1
1675113034156,46.857336,video_keydown, ,1,-1
1675113034186,46.88705,video_keydown, ,1,-1
1675113034217,46.917651,video_keydown, ,1,-1
1675113034247,46.947461,video_keydown, ,1,-1
1675113034276,46.977124,video_keydown, ,1,-1
1675113034306,47.007206,video_keydown, ,1,-1
1675113034337,47.037701,video_keydown, ,1,-1
1675113034366,47.067423,video_keydown, ,1,-1
1675113034397,47.097592,video_keydown, ,1,-1
1675113034427,47.127652,video_keydown, ,1,-1
1675113034457,47.157687,video_keydown, ,1,-1
1675113034487,47.187736,video_keydown, ,1,-1
1675113034517,47.217548,video_keydown, ,1,-1
1675113034547,47.247701,video_keydown, ,1,-1
1675113034577,47.277747,video_keydown, ,1,-1
1675113034607,47.308073,video_keydown, ,1,-1
1675113034637,47.338146,video_keydown, ,1,-1
1675113034667,47.367827,video_keydown, ,1,-1
1675113034697,47.398055,video_keydown, ,1,-1
1675113034727,47.427944,video_keydown, ,1,-1
1675113034757,47.457985,video_keydown, ,1,-1
1675113034787,47.488077,video_keydown, ,1,-1
1675113034817,47.518024,video_keydown, ,1,-1
1675113034847,47.548042,video_keydown, ,1,-1
1675113034877,47.578349,video_keydown, ,1,-1
1675113034907,47.608163,video_keydown, ,1,-1
1675113034937,47.638309,video_keydown, ,1,-1
1675113034967,47.668174,video_keydown, ,1,-1
1675113034998,47.698468,video_keydown, ,1,-1
1675113035028,47.728482,video_keydown, ,1,-1
1675113035058,47.758561,video_keydown, ,1,-1
1675113035087,47.788409,video_keydown, ,1,-1
1675113035118,47.818655,video_keydown, ,1,-1
1675113035148,47.848563,video_keydown, ,1,-1
1675113035178,47.878618,video_keydown, ,1,-1
1675113035208,47.908643,video_keydown, ,1,-1
1675113035238,47.938861,video_keydown, ,1,-1
1675113035268,47.968625,video_keydown, ,1,-1
1675113035298,47.998742,video_keydown, ,1,-1
1675113035328,48.02875,video_keydown, ,1,-1
1675113035358,48.058875,video_keydown, ,1,-1
1675113035388,48.088805,video_keydown, ,1,-1
1675113035418,48.118802,video_keydown, ,1,-1
1675113035448,48.148829,video_keydown, ,1,-1
1675113035478,48.179427,video_keydown, ,1,-1
1675113035505,48.205649,video_keyup, ,1,-1
1675113037806,50.506638,video_keydown, ,1,-1
1675113038309,50.5,video_keydown, ,2,-1
1675113038338,50.5,video_keydown, ,2,-1
1675113038368,50.5,video_keydown, ,2,-1
1675113038398,50.5,video_keydown, ,2,-1
1675113038428,50.5,video_keydown, ,2,-1
1675113038459,50.5,video_keydown, ,2,-1
1675113038489,50.5,video_keydown, ,2,-1
1675113038519,50.5,video_keydown, ,2,-1
1675113038548,50.5,video_keydown, ,2,-1
1675113038579,50.5,video_keydown, ,2,-1
1675113038609,50.5,video_keydown, ,2,-1
1675113038639,50.5,video_keydown, ,2,-1
1675113038669,50.5,video_keydown, ,2,-1
1675113038699,50.5,video_keyup, ,2,-1
1675113057895,66.076123,video_keydown, ,2,-1
1675113058396,66.577176,video_keydown, ,2,-1
1675113058426,66.607034,video_keydown, ,2,-1
1675113058456,66.637107,video_keydown, ,2,-1
1675113058486,66.667079,video_keydown, ,2,-1
1675113058516,66.696915,video_keydown, ,2,-1
1675113058546,66.727239,video_keydown, ,2,-1
1675113058576,66.75691,video_keydown, ,2,-1
1675113058607,66.787571,video_keydown, ,2,-1
1675113058636,66.817315,video_keydown, ,2,-1
1675113058666,66.847172,video_keydown, ,2,-1
1675113058696,66.877252,video_keydown, ,2,-1
1675113058726,66.907197,video_keydown, ,2,-1
1675113058756,66.937304,video_keydown, ,2,-1
1675113058787,66.967586,video_keydown, ,2,-1
1675113058817,66.997647,video_keydown, ,2,-1
1675113058847,67.027752,video_keydown, ,2,-1
1675113058877,67.057945,video_keydown, ,2,-1
1675113058907,67.088278,video_keydown, ,2,-1
1675113058937,67.117928,video_keydown, ,2,-1
1675113058967,67.147931,video_keydown, ,2,-1
1675113058997,67.177891,video_keydown, ,2,-1
1675113059028,67,video_keydown, ,3,-1
1675113059058,67,video_keydown, ,3,-1
1675113059088,67,video_keydown, ,3,-1
1675113059112,67,video_keyup, ,3,-1
