sys_timestamp,vid_timestamp,event_name,key_number,pause_num,next_pause_vid_ts
1676083260226,6.283708,video_keydown, ,0,-1
1676083260727,6.785178,video_keydown, ,0,-1
1676083260758,6.815776,video_keydown, ,0,-1
1676083260790,6.847074,video_keydown, ,0,-1
1676083260816,6.873591,video_keydown, ,0,-1
1676083260846,6.903795,video_keydown, ,0,-1
1676083260876,6.934053,video_keydown, ,0,-1
1676083260907,6.964566,video_keydown, ,0,-1
1676083260938,6.995512,video_keydown, ,0,-1
1676083260967,7.024409,video_keydown, ,0,-1
1676083260997,7.054157,video_keydown, ,0,-1
1676083261027,7.084594,video_keydown, ,0,-1
1676083261058,7.116123,video_keydown, ,0,-1
1676083261090,7.147993,video_keydown, ,0,-1
1676083261117,7.174869,video_keydown, ,0,-1
1676083261147,7.205062,video_keydown, ,0,-1
1676083261178,7.235843,video_keydown, ,0,-1
1676083261208,7.265879,video_keydown, ,0,-1
1676083261238,7.295559,video_keydown, ,0,-1
1676083261269,7.327247,video_keydown, ,0,-1
1676083261298,7.355944,video_keydown, ,0,-1
1676083261328,7.386277,video_keydown, ,0,-1
1676083261359,7.416644,video_keydown, ,0,-1
1676083261390,7.447989,video_keydown, ,0,-1
1676083261420,7.477498,video_keydown, ,0,-1
1676083261449,7.506501,video_keydown, ,0,-1
1676083261479,7.536739,video_keydown, ,0,-1
1676083261509,7.56695,video_keydown, ,0,-1
1676083261539,7.596886,video_keydown, ,0,-1
1676083261570,7.628047,video_keydown, ,0,-1
1676083261599,7.6567,video_keydown, ,0,-1
1676083261630,7.687666,video_keydown, ,0,-1
1676083261659,7.717216,video_keydown, ,0,-1
1676083261691,7.749239,video_keydown, ,0,-1
1676083261722,7.779725,video_keydown, ,0,-1
1676083261749,7.807028,video_keydown, ,0,-1
1676083261780,7.837507,video_keydown, ,0,-1
1676083261810,7.867368,video_keydown, ,0,-1
1676083261840,7.897964,video_keydown, ,0,-1
1676083261870,7.927562,video_keydown, ,0,-1
1676083261900,7.957294,video_keydown, ,0,-1
1676083261930,7.987817,video_keydown, ,0,-1
1676083261960,8.018072,video_keydown, ,0,-1
1676083261991,8.048522,video_keydown, ,0,-1
1676083262022,8.080006,video_keydown, ,0,-1
1676083262050,8.107863,video_keydown, ,0,-1
1676083262081,8.138465,video_keydown, ,0,-1
1676083262111,8.16924,video_keydown, ,0,-1
1676083262142,8.199456,video_keydown, ,0,-1
1676083262173,8.230625,video_keydown, ,0,-1
1676083262202,8.260054,video_keydown, ,0,-1
1676083262232,8.289772,video_keydown, ,0,-1
1676083262262,8.319907,video_keydown, ,0,-1
1676083262292,8.349879,video_keydown, ,0,-1
1676083262324,8.381432,video_keydown, ,0,-1
1676083262355,8.412504,video_keydown, ,0,-1
1676083262382,8.440239,video_keydown, ,0,-1
1676083262413,8.470515,video_keydown, ,0,-1
1676083262443,8.500687,video_keydown, ,0,-1
1676083262474,8.531477,video_keydown, ,0,-1
1676083262505,8.562933,video_keydown, ,0,-1
1676083262534,8.591332,video_keydown, ,0,-1
1676083262563,8.620917,video_keydown, ,0,-1
1676083262594,8.651273,video_keydown, ,0,-1
1676083262624,8.681879,video_keydown, ,0,-1
1676083262656,8.71427,video_keydown, ,0,-1
1676083262684,8.741467,video_keydown, ,0,-1
1676083262714,8.772208,video_keydown, ,0,-1
1676083262745,8.80245,video_keydown, ,0,-1
1676083262770,8.827988,video_keyup, ,0,-1
1676083341900,30.898062,video_keydown, ,1,-1
1676083342400,31.398355,video_keydown, ,1,-1
1676083342429,31.427307,video_keydown, ,1,-1
1676083342460,31.457435,video_keydown, ,1,-1
1676083342490,31.487407,video_keydown, ,1,-1
1676083342521,31.518971,video_keydown, ,1,-1
1676083342552,31.54984,video_keydown, ,1,-1
1676083342579,31.577354,video_keydown, ,1,-1
1676083342610,31.607827,video_keydown, ,1,-1
1676083342640,31.638327,video_keydown, ,1,-1
1676083342671,31.66839,video_keydown, ,1,-1
1676083342701,31.698731,video_keydown, ,1,-1
1676083342731,31.729177,video_keydown, ,1,-1
1676083342761,31.758449,video_keydown, ,1,-1
1676083342791,31.788502,video_keydown, ,1,-1
1676083342821,31.818492,video_keydown, ,1,-1
1676083342852,31.849866,video_keydown, ,1,-1
1676083342883,31.880855,video_keydown, ,1,-1
1676083342911,31.90862,video_keydown, ,1,-1
1676083342941,31.938723,video_keydown, ,1,-1
1676083342971,31.968546,video_keydown, ,1,-1
1676083343002,32.000063,video_keydown, ,1,-1
1676083343033,32.030737,video_keydown, ,1,-1
1676083343061,32.058845,video_keydown, ,1,-1
1676083343091,32.089099,video_keydown, ,1,-1
1676083343121,32.119239,video_keydown, ,1,-1
1676083343154,32.151432,video_keydown, ,1,-1
1676083343183,32.181368,video_keydown, ,1,-1
1676083343212,32.209529,video_keydown, ,1,-1
1676083343242,32.239575,video_keydown, ,1,-1
1676083343272,32.269887,video_keydown, ,1,-1
1676083343302,32.300076,video_keydown, ,1,-1
1676083343333,32.330747,video_keydown, ,1,-1
1676083343362,32.360033,video_keydown, ,1,-1
1676083343392,32.390301,video_keydown, ,1,-1
1676083343423,32.420836,video_keydown, ,1,-1
1676083343453,32.450938,video_keydown, ,1,-1
1676083343485,32.482867,video_keydown, ,1,-1
1676083343513,32.510635,video_keydown, ,1,-1
1676083343543,32.540846,video_keydown, ,1,-1
1676083343573,32.570926,video_keydown, ,1,-1
1676083343603,32.601201,video_keydown, ,1,-1
1676083343634,32.631801,video_keydown, ,1,-1
1676083343644,32.641895,video_keyup, ,1,-1
1676083345552,34.554624,video_keydown, ,1,-1
1676083346053,35.054713,video_keydown, ,1,-1
1676083346083,35.085308,video_keydown, ,1,-1
1676083346114,35.11606,video_keydown, ,1,-1
1676083346144,35.146364,video_keydown, ,1,-1
1676083346173,35.17523,video_keydown, ,1,-1
1676083346203,35.205491,video_keydown, ,1,-1
1676083346234,35.236352,video_keydown, ,1,-1
1676083346265,35.267214,video_keydown, ,1,-1
1676083346295,35.297549,video_keydown, ,1,-1
1676083346327,35.329294,video_keydown, ,1,-1
1676083346356,35.357632,video_keydown, ,1,-1
1676083346385,35.387496,video_keydown, ,1,-1
1676083346394,35.395816,video_keyup, ,1,-1
1676083371624,60.626575,video_keydown, ,1,-1
1676083372124,61.125706,video_keydown, ,1,-1
1676083372156,61.158241,video_keydown, ,1,-1
1676083372183,61.18512,video_keydown, ,1,-1
1676083372213,61.215478,video_keydown, ,1,-1
1676083372243,61.245317,video_keydown, ,1,-1
1676083372274,61.276215,video_keydown, ,1,-1
1676083372305,61.307,video_keydown, ,1,-1
1676083372335,61.337277,video_keydown, ,1,-1
1676083372364,61.36584,video_keydown, ,1,-1
1676083372394,61.396287,video_keydown, ,1,-1
1676083372426,61.427802,video_keydown, ,1,-1
1676083372456,61.458531,video_keydown, ,1,-1
1676083372486,61.488531,video_keydown, ,1,-1
1676083372515,61.516928,video_keydown, ,1,-1
1676083372545,61.54693,video_keydown, ,1,-1
1676083372575,61.576995,video_keydown, ,1,-1
1676083372605,61.607149,video_keydown, ,1,-1
1676083372637,61.638701,video_keydown, ,1,-1
1676083372665,61.667446,video_keydown, ,1,-1
1676083372695,61.697374,video_keydown, ,1,-1
1676083372725,61.727429,video_keydown, ,1,-1
1676083372757,61.758671,video_keydown, ,1,-1
1676083372788,61.790308,video_keydown, ,1,-1
1676083372815,61.817621,video_keydown, ,1,-1
1676083372846,61.848035,video_keydown, ,1,-1
1676083372876,61.878021,video_keydown, ,1,-1
1676083372906,61.908195,video_keydown, ,1,-1
1676083372937,61.939421,video_keydown, ,1,-1
1676083372966,61.968217,video_keydown, ,1,-1
1676083372996,61.998457,video_keydown, ,1,-1
1676083373026,62.028639,video_keydown, ,1,-1
1676083373058,62.060128,video_keydown, ,1,-1
1676083373089,62.090776,video_keydown, ,1,-1
1676083373116,62.118396,video_keydown, ,1,-1
1676083373147,62.148699,video_keydown, ,1,-1
1676083373176,62.178605,video_keydown, ,1,-1
1676083373207,62.208859,video_keydown, ,1,-1
1676083373237,62.239353,video_keydown, ,1,-1
1676083373269,62.271533,video_keydown, ,1,-1
1676083373297,62.2991,video_keydown, ,1,-1
1676083373327,62.329142,video_keydown, ,1,-1
1676083373358,62.360168,video_keydown, ,1,-1
1676083373389,62.391276,video_keydown, ,1,-1
1676083373419,62.42076,video_keydown, ,1,-1
1676083373447,62.449673,video_keydown, ,1,-1
1676083373477,62.479623,video_keydown, ,1,-1
1676083373508,62.509769,video_keydown, ,1,-1
1676083373538,62.540545,video_keydown, ,1,-1
1676083373569,62.3,video_keydown, ,2,-1
1676083373597,62.3,video_keydown, ,2,-1
1676083373628,62.3,video_keydown, ,2,-1
1676083373657,62.3,video_keydown, ,2,-1
1676083373688,62.3,video_keydown, ,2,-1
1676083373720,62.3,video_keydown, ,2,-1
1676083373748,62.3,video_keydown, ,2,-1
1676083373778,62.3,video_keydown, ,2,-1
1676083373808,62.3,video_keydown, ,2,-1
1676083373839,62.3,video_keydown, ,2,-1
1676083373869,62.3,video_keydown, ,2,-1
1676083373899,62.3,video_keydown, ,2,-1
1676083373929,62.3,video_keydown, ,2,-1
1676083373947,62.3,video_keyup, ,2,-1
