sys_timestamp,vid_timestamp,event_name,key_number,pause_num,next_pause_vid_ts
1675111937723,7.631983,video_keydown, ,0,-1
1675111938231,8.140861,video_keydown, ,0,-1
1675111938262,8.171264,video_keydown, ,0,-1
1675111938296,8.205023,video_keydown, ,0,-1
1675111938325,8.234189,video_keydown, ,0,-1
1675111938358,8.267483,video_keydown, ,0,-1
1675111938402,8.311781,video_keydown, ,0,-1
1675111938435,8.344087,video_keydown, ,0,-1
1675111938465,8.374399,video_keydown, ,0,-1
1675111938496,8.405779,video_keydown, ,0,-1
1675111938527,8.436529,video_keydown, ,0,-1
1675111938558,8.466927,video_keydown, ,0,-1
1675111938589,8.49883,video_keydown, ,0,-1
1675111938634,8.543498,video_keydown, ,0,-1
1675111938664,8.57364,video_keydown, ,0,-1
1675111938699,8.608072,video_keydown, ,0,-1
1675111938728,8.637968,video_keydown, ,0,-1
1675111938762,8.67117,video_keydown, ,0,-1
1675111938793,8.702003,video_keydown, ,0,-1
1675111938824,8.73378,video_keydown, ,0,-1
1675111938853,8.762169,video_keydown, ,0,-1
1675111938886,8.795203,video_keydown, ,0,-1
1675111938931,8.84005,video_keydown, ,0,-1
1675111938962,8.871215,video_keydown, ,0,-1
1675111938995,8.9047,video_keydown, ,0,-1
1675111939026,8.93582,video_keydown, ,0,-1
1675111939058,8.967219,video_keydown, ,0,-1
1675111939090,8.999349,video_keydown, ,0,-1
1675111939120,9.0296,video_keydown, ,0,-1
1675111939152,9.061181,video_keydown, ,0,-1
1675111939181,9.090274,video_keydown, ,0,-1
1675111939230,9.139769,video_keydown, ,0,-1
1675111939262,9.171384,video_keydown, ,0,-1
1675111939292,9.200862,video_keydown, ,0,-1
1675111939323,9.233083,video_keydown, ,0,-1
1675111939355,9.26475,video_keydown, ,0,-1
1675111939386,9.295576,video_keydown, ,0,-1
1675111939419,9.328038,video_keydown, ,0,-1
1675111939450,9.359617,video_keydown, ,0,-1
1675111939482,9.391093,video_keydown, ,0,-1
1675111939512,9.421331,video_keydown, ,0,-1
1675111939559,9.468957,video_keydown, ,0,-1
1675111939591,9.500146,video_keydown, ,0,-1
1675111939621,9.530821,video_keydown, ,0,-1
1675111939651,9.560186,video_keydown, ,0,-1
1675111939684,9.593705,video_keydown, ,0,-1
1675111939714,9.623307,video_keydown, ,0,-1
1675111939746,9.6555,video_keydown, ,0,-1
1675111939777,9.686164,video_keydown, ,0,-1
1675111939808,9.71694,video_keydown, ,0,-1
1675111939857,9.766877,video_keydown, ,0,-1
1675111939887,9.796698,video_keydown, ,0,-1
1675111939919,9.828586,video_keydown, ,0,-1
1675111939948,9.857671,video_keydown, ,0,-1
1675111939980,9.890091,video_keydown, ,0,-1
1675111940010,9.919599,video_keydown, ,0,-1
1675111940044,9.953194,video_keydown, ,0,-1
1675111940074,9.983517,video_keydown, ,0,-1
1675111940119,10.02847,video_keydown, ,0,-1
1675111940148,10.058002,video_keydown, ,0,-1
1675111940179,10.08821,video_keydown, ,0,-1
1675111940210,10.119209,video_keydown, ,0,-1
1675111940241,10.150248,video_keydown, ,0,-1
1675111940274,10.184068,video_keydown, ,0,-1
1675111940304,10.213441,video_keydown, ,0,-1
1675111940337,10.246852,video_keydown, ,0,-1
1675111940383,10.292577,video_keydown, ,0,-1
1675111940415,10.32518,video_keydown, ,0,-1
1675111940447,10.356871,video_keydown, ,0,-1
1675111940478,10.387809,video_keydown, ,0,-1
1675111940510,10.419519,video_keydown, ,0,-1
1675111940541,10.45086,video_keydown, ,0,-1
1675111940572,10.48138,video_keydown, ,0,-1
1675111940603,10.513016,video_keydown, ,0,-1
1675111940633,10.542986,video_keydown, ,0,-1
1675111940666,10.576027,video_keydown, ,0,-1
1675111940715,10.624238,video_keydown, ,0,-1
1675111940746,10.655586,video_keydown, ,0,-1
1675111940775,10.685004,video_keydown, ,0,-1
1675111940809,10.718372,video_keydown, ,0,-1
1675111940840,10.749752,video_keydown, ,0,-1
1675111940871,10.780224,video_keydown, ,0,-1
1675111940900,10.810066,video_keydown, ,0,-1
1675111940932,10.841439,video_keydown, ,0,-1
1675111940963,10.87227,video_keydown, ,0,-1
1675111941010,10.919818,video_keydown, ,0,-1
1675111941042,10.95127,video_keydown, ,0,-1
1675111941073,10.983055,video_keydown, ,0,-1
1675111941101,11.011153,video_keydown, ,0,-1
1675111941134,11.043511,video_keydown, ,0,-1
1675111941165,11.074593,video_keydown, ,0,-1
1675111941196,11.105187,video_keydown, ,0,-1
1675111941228,11.137534,video_keydown, ,0,-1
1675111941275,11.18514,video_keydown, ,0,-1
1675111941304,11.214188,video_keydown, ,0,-1
1675111941339,11.249113,video_keydown, ,0,-1
1675111941370,11.279552,video_keydown, ,0,-1
1675111941399,11.308382,video_keydown, ,0,-1
1675111941430,11.339993,video_keydown, ,0,-1
1675111941461,11.370171,video_keydown, ,0,-1
1675111941492,11.401694,video_keydown, ,0,-1
1675111941524,11.433377,video_keydown, ,0,-1
1675111941570,11.480039,video_keydown, ,0,-1
1675111941601,11.510402,video_keydown, ,0,-1
1675111941633,11.542499,video_keydown, ,0,-1
1675111941665,11.57499,video_keydown, ,0,-1
1675111941695,11.604986,video_keydown, ,0,-1
1675111941730,11.639188,video_keydown, ,0,-1
1675111941759,11.668997,video_keydown, ,0,-1
1675111941792,11.70188,video_keydown, ,0,-1
1675111941823,11.732647,video_keydown, ,0,-1
1675111941867,11.777158,video_keydown, ,0,-1
1675111941899,11.808972,video_keydown, ,0,-1
1675111941929,11.838802,video_keydown, ,0,-1
1675111941961,11.871041,video_keydown, ,0,-1
1675111941986,11.895832,video_keyup, ,0,-1
1675111955130,25.041153,video_keydown, ,0,-1
1675111955642,25,video_keydown, ,1,-1
1675111955674,25,video_keydown, ,1,-1
1675111955680,25,video_keyup, ,1,-1
