sys_timestamp,vid_timestamp,event_name,key_number,pause_num,next_pause_vid_ts
1676081714810,0.796075,tutorial_keydown,w,1,-1
1676081714945,0.931835,tutorial_keyup,w,1,-1
1676081715449,1.435916,tutorial_keydown, ,1,-1
1676081715557,1.543789,tutorial_keyup, ,1,-1
1676081719387,5.373355,tutorial_keydown, ,1,-1
1676081719567,5.553345,tutorial_keyup, ,1,-1
1676081720043,6.029575,tutorial_keydown, ,1,-1
1676081720294,6.280279,tutorial_keydown, ,1,-1
1676081720340,6.326069,tutorial_keydown, ,1,-1
1676081720372,6.35833,tutorial_keydown, ,1,-1
1676081720403,6.389285,tutorial_keydown, ,1,-1
1676081720434,6.420567,tutorial_keydown, ,1,-1
1676081720466,6.452166,tutorial_keydown, ,1,-1
1676081720496,6.482442,tutorial_keydown, ,1,-1
1676081720528,6.51464,tutorial_keydown, ,1,-1
1676081720560,6.546677,tutorial_keydown, ,1,-1
1676081720592,6.578558,tutorial_keydown, ,1,-1
1676081720624,6.610417,tutorial_keydown, ,1,-1
1676081720655,6.64181,tutorial_keydown, ,1,-1
1676081720703,6.689473,tutorial_keydown, ,1,-1
1676081720734,6.720597,tutorial_keydown, ,1,-1
1676081720765,6.75135,tutorial_keydown, ,1,-1
1676081720797,6.783472,tutorial_keydown, ,1,-1
1676081720828,6.814746,tutorial_keydown, ,1,-1
1676081720860,6.846407,tutorial_keydown, ,1,-1
1676081720892,6.878858,tutorial_keydown, ,1,-1
1676081720924,6.910489,tutorial_keydown, ,1,-1
1676081720956,6.942436,tutorial_keydown, ,1,-1
1676081720988,6.974563,tutorial_keydown, ,1,-1
1676081721020,7.006445,tutorial_keydown, ,1,-1
1676081721052,7.038666,tutorial_keydown, ,1,-1
1676081721084,7.070514,tutorial_keydown, ,1,-1
1676081721132,7.118495,tutorial_keydown, ,1,-1
1676081721163,7.149364,tutorial_keydown, ,1,-1
1676081721195,7.181395,tutorial_keydown, ,1,-1
1676081721227,7.213565,tutorial_keydown, ,1,-1
1676081721258,7.244902,tutorial_keydown, ,1,-1
1676081721290,7.27637,tutorial_keydown, ,1,-1
1676081721323,7.308991,tutorial_keydown, ,1,-1
1676081721354,7.340362,tutorial_keydown, ,1,-1
1676081721386,7.372939,tutorial_keydown, ,1,-1
1676081721418,7.404451,tutorial_keydown, ,1,-1
1676081721450,7.436404,tutorial_keydown, ,1,-1
1676081721482,7.468456,tutorial_keydown, ,1,-1
1676081721514,7.500875,tutorial_keydown, ,1,-1
1676081721546,7.532567,tutorial_keydown, ,1,-1
1676081721594,7.580732,tutorial_keydown, ,1,-1
1676081721626,7.612415,tutorial_keydown, ,1,-1
1676081721658,7.644453,tutorial_keydown, ,1,-1
1676081721690,7.676403,tutorial_keydown, ,1,-1
1676081721722,7.708479,tutorial_keydown, ,1,-1
1676081721754,7.740597,tutorial_keydown, ,1,-1
1676081721786,7.772342,tutorial_keydown, ,1,-1
1676081721818,7.804449,tutorial_keydown, ,1,-1
1676081721850,7.836498,tutorial_keydown, ,1,-1
1676081721880,7.866484,tutorial_keydown, ,1,-1
1676081721912,7.898495,tutorial_keydown, ,1,-1
1676081721944,7.930537,tutorial_keydown, ,1,-1
1676081721976,7.962914,tutorial_keydown, ,1,-1
1676081722023,8.009514,tutorial_keydown, ,1,-1
1676081722055,8.041556,tutorial_keydown, ,1,-1
1676081722087,8.073934,tutorial_keydown, ,1,-1
1676081722119,8.105757,tutorial_keydown, ,1,-1
1676081722132,8.118566,tutorial_keyup, ,1,-1
1676081726796,10.062474,tutorial_keydown, ,2,-1
1676081727054,10.320499,tutorial_keydown, ,2,-1
1676081727086,10.352598,tutorial_keydown, ,2,-1
1676081727118,10.384569,tutorial_keydown, ,2,-1
1676081727151,10.41716,tutorial_keydown, ,2,-1
1676081727180,10.446169,tutorial_keyup, ,2,-1
1676081728197,11.463496,tutorial_keydown, ,2,-1
1676081728449,11.715517,tutorial_keydown, ,2,-1
1676081728481,11.747414,tutorial_keydown, ,2,-1
1676081728513,11.779498,tutorial_keydown, ,2,-1
1676081728560,11.826515,tutorial_keydown, ,2,-1
1676081728591,11.857452,tutorial_keydown, ,2,-1
1676081728622,11.888531,tutorial_keydown, ,2,-1
1676081728652,11.918973,tutorial_keydown, ,2,-1
1676081728685,11.951169,tutorial_keydown, ,2,-1
1676081728716,11.982446,tutorial_keydown, ,2,-1
1676081728748,12.014222,tutorial_keydown, ,2,-1
1676081728779,12.045451,tutorial_keydown, ,2,-1
1676081728811,12.077414,tutorial_keydown, ,2,-1
1676081728843,12.109102,tutorial_keydown, ,2,-1
1676081728890,12.156932,tutorial_keydown, ,2,-1
1676081728922,12.188812,tutorial_keydown, ,2,-1
1676081728954,12.220424,tutorial_keydown, ,2,-1
1676081728986,12.252493,tutorial_keydown, ,2,-1
1676081729018,12.284584,tutorial_keydown, ,2,-1
1676081729050,12.316392,tutorial_keydown, ,2,-1
1676081729082,12.34854,tutorial_keydown, ,2,-1
1676081729113,12.379362,tutorial_keydown, ,2,-1
1676081729145,12.411324,tutorial_keydown, ,2,-1
1676081729177,12.443411,tutorial_keydown, ,2,-1
1676081729209,12.475387,tutorial_keydown, ,2,-1
1676081729240,12.506595,tutorial_keydown, ,2,-1
1676081729272,12.538579,tutorial_keydown, ,2,-1
1676081729304,12.570452,tutorial_keydown, ,2,-1
1676081729352,12.618428,tutorial_keydown, ,2,-1
1676081729361,12.62734,tutorial_keyup, ,2,-1
1676081791976,31.471856,tutorial_keydown, ,4,-1
1676081792226,31.72141,tutorial_keydown, ,4,-1
1676081792273,31.768411,tutorial_keydown, ,4,-1
1676081792304,31.799383,tutorial_keydown, ,4,-1
1676081792336,31.831293,tutorial_keydown, ,4,-1
1676081792368,31.863186,tutorial_keydown, ,4,-1
1676081792399,31.894386,tutorial_keydown, ,4,-1
1676081792430,31.925338,tutorial_keydown, ,4,-1
1676081792460,31.95607,tutorial_keydown, ,4,-1
1676081792492,31.987345,tutorial_keydown, ,4,-1
1676081792538,32.033385,tutorial_keydown, ,4,-1
1676081792570,32.065463,tutorial_keydown, ,4,-1
1676081792602,32.09757,tutorial_keydown, ,4,-1
1676081792634,32.129407,tutorial_keydown, ,4,-1
1676081792666,32.161539,tutorial_keydown, ,4,-1
1676081792698,32.193677,tutorial_keydown, ,4,-1
1676081792730,32.225636,tutorial_keydown, ,4,-1
1676081792762,32.257989,tutorial_keydown, ,4,-1
1676081792794,32.289597,tutorial_keydown, ,4,-1
1676081792825,32.320745,tutorial_keydown, ,4,-1
1676081792857,32.352371,tutorial_keydown, ,4,-1
1676081792889,32.384282,tutorial_keydown, ,4,-1
1676081792921,32.416289,tutorial_keydown, ,4,-1
1676081792953,32.448408,tutorial_keydown, ,4,-1
1676081793000,32.495404,tutorial_keydown, ,4,-1
1676081793032,32.527243,tutorial_keydown, ,4,-1
1676081793064,32.559313,tutorial_keydown, ,4,-1
1676081793095,32.590343,tutorial_keydown, ,4,-1
1676081793127,32.622324,tutorial_keydown, ,4,-1
1676081793159,32.654359,tutorial_keydown, ,4,-1
1676081793191,32.686364,tutorial_keydown, ,4,-1
1676081793223,32.718377,tutorial_keydown, ,4,-1
1676081793255,32.750502,tutorial_keydown, ,4,-1
1676081793287,32.782485,tutorial_keydown, ,4,-1
1676081793318,32.813582,tutorial_keydown, ,4,-1
1676081793349,32.844904,tutorial_keydown, ,4,-1
1676081793381,32.87702,tutorial_keydown, ,4,-1
1676081793429,32.924548,tutorial_keydown, ,4,-1
1676081793460,32.955991,tutorial_keydown, ,4,-1
1676081793492,32.987907,tutorial_keydown, ,4,-1
1676081793524,33.019417,tutorial_keydown, ,4,-1
1676081793556,33.051464,tutorial_keydown, ,4,-1
1676081793588,33.083386,tutorial_keydown, ,4,-1
1676081793620,33.11577,tutorial_keydown, ,4,-1
1676081793652,33.147718,tutorial_keydown, ,4,-1
1676081793683,33.1789,tutorial_keydown, ,4,-1
1676081793715,33.210985,tutorial_keydown, ,4,-1
1676081793747,33.242244,tutorial_keydown, ,4,-1
1676081793777,33,tutorial_keydown, ,5,-1
1676081793825,33,tutorial_keydown, ,5,-1
1676081793857,33,tutorial_keydown, ,5,-1
1676081793887,33,tutorial_keydown, ,5,-1
1676081793919,33,tutorial_keydown, ,5,-1
1676081793951,33,tutorial_keydown, ,5,-1
1676081793984,33,tutorial_keydown, ,5,-1
1676081794014,33,tutorial_keydown, ,5,-1
1676081794046,33,tutorial_keydown, ,5,-1
1676081794062,33,tutorial_keyup, ,5,-1
1676081844183,39.418787,tutorial_keydown, ,6,-1
1676081844448,39.683643,tutorial_keydown, ,6,-1
1676081844479,39.714502,tutorial_keydown, ,6,-1
1676081844511,39.746899,tutorial_keydown, ,6,-1
1676081844543,39.778394,tutorial_keydown, ,6,-1
1676081844575,39.811115,tutorial_keydown, ,6,-1
1676081844606,39.841795,tutorial_keydown, ,6,-1
1676081844638,39.87373,tutorial_keydown, ,6,-1
1676081844670,39.905496,tutorial_keydown, ,6,-1
1676081844702,39.937432,tutorial_keydown, ,6,-1
1676081844733,39.968771,tutorial_keydown, ,6,-1
1676081844764,39.999505,tutorial_keydown, ,6,-1
1676081844811,40.047004,tutorial_keydown, ,6,-1
1676081844842,40.077347,tutorial_keydown, ,6,-1
1676081844873,40.108664,tutorial_keydown, ,6,-1
1676081844905,40.14053,tutorial_keydown, ,6,-1
1676081844937,40.172584,tutorial_keydown, ,6,-1
1676081844969,40.204493,tutorial_keydown, ,6,-1
1676081845001,40.236747,tutorial_keydown, ,6,-1
1676081845032,40.267807,tutorial_keydown, ,6,-1
1676081845064,40.29928,tutorial_keydown, ,6,-1
1676081845096,40.331709,tutorial_keydown, ,6,-1
1676081845128,40.363434,tutorial_keydown, ,6,-1
1676081845160,40.395381,tutorial_keydown, ,6,-1
1676081845207,40.442725,tutorial_keydown, ,6,-1
1676081845239,40.47414,tutorial_keydown, ,6,-1
1676081845270,40.505593,tutorial_keydown, ,6,-1
1676081845302,40.537435,tutorial_keydown, ,6,-1
1676081845333,40.568569,tutorial_keydown, ,6,-1
1676081845365,40.600409,tutorial_keydown, ,6,-1
1676081845397,40.632501,tutorial_keydown, ,6,-1
1676081845429,40.664755,tutorial_keydown, ,6,-1
1676081845461,40.696479,tutorial_keydown, ,6,-1
1676081845493,40.728541,tutorial_keydown, ,6,-1
1676081845524,40.759522,tutorial_keydown, ,6,-1
1676081845556,40.791376,tutorial_keydown, ,6,-1
1676081845603,40.838594,tutorial_keydown, ,6,-1
1676081845634,40.869875,tutorial_keydown, ,6,-1
1676081845666,40.901571,tutorial_keydown, ,6,-1
1676081845698,40.933839,tutorial_keydown, ,6,-1
1676081845729,40.964404,tutorial_keydown, ,6,-1
1676081845761,40.996602,tutorial_keydown, ,6,-1
1676081845793,41.02859,tutorial_keydown, ,6,-1
1676081845825,41.061045,tutorial_keydown, ,6,-1
1676081845857,41.092501,tutorial_keydown, ,6,-1
1676081845889,41.12448,tutorial_keydown, ,6,-1
1676081845921,41.156446,tutorial_keydown, ,6,-1
1676081845952,41.187623,tutorial_keydown, ,6,-1
1676081845999,41.23468,tutorial_keydown, ,6,-1
1676081846030,41.265423,tutorial_keydown, ,6,-1
1676081846060,41.296105,tutorial_keyup, ,6,-1
1676081847562,42.797376,tutorial_keydown, ,6,-1
1676081847824,43.059681,tutorial_keydown, ,6,-1
1676081847833,43.06909,tutorial_keyup, ,6,-1
